291187 0.00
238759 0.00
203387 0.00
181905 0.00
931732 0.00
694458 0.00
638629 0.00
517245 0.00
491377 0.00
369473 0.00
384966 0.00
457039 0.00
515893 0.00
521161 0.00
595889 0.00
642610 0.00
749750 0.00
886105 0.00
762141 0.00
899807 0.00
181905 284.64
203387 386.58
238759 126.24
291187 150.96
369473 231.00
384966 135.26
457039 117.28
491377 60.64
515893 0.00
517245 175.23
521161 305.04
595889 479.57
638629 290.78
642610 189.41
694458 355.29
749750 450.47
762141 98.75
886105 236.49
899807 212.49
931732 151.42
